time,x,y,z,phi,theta,psi,x_velocity,y_velocity,z_velocity,phi_velocity,theta_velocity,psi_velocity,rotor_speed1,rotor_speed2,rotor_speed3,rotor_speed4
0.06,2.35623650495e-08,4.49831207531e-08,10.0029249597,5.43056871773e-05,6.28282169784,0.0,1.50369674025e-05,4.31900128534e-06,0.0974945769431,0.00265661813022,-0.0223396732542,0.0,436.6365734274041,434.7692917614482,436.39364795354913,436.61528517297404
0.12000000000000001,1.43627918857e-05,2.14855354083e-06,10.0130028061,6.28300794843,6.28141622396,0.0,0.000611201687488,6.73418137687e-05,0.23841384832,-0.0219378401775,-0.0256874871913,0.0,449.29879448808276,449.0272877852458,451.2609670826355,449.27167161683093
0.18,9.6409147724e-05,-2.75304820584e-06,10.0317454699,6.28200394235,6.27989972794,0.0,0.00229038782653,-0.000355509603442,0.386302096052,-0.00795461105862,-0.0244624407619,0.0,451.41420635410617,451.5129340225098,451.81039305369325,452.9362495243237
0.23999999999999996,0.000303195641789,-4.88989432015e-05,10.0567418375,6.28133236472,6.27816071099,0.0,0.00475466906078,-0.00123699032837,0.446887288103,-0.0186169411655,-0.0400485318027,0.0,425.4181604234397,424.08136588319394,424.4699365254533,423.5541919581717
0.3,0.000693874881987,-0.000162093517454,10.0851866102,6.28083738287,6.27530785281,0.0,0.00851101473458,-0.00260767189603,0.501247518707,0.00701136119894,-0.0700288823888,0.0,423.2923772266562,420.70308287021237,421.68780222888256,423.895595918153
0.36000000000000004,0.0014384299832,-0.000379918031207,10.124631794,6.28087928489,6.27069601979,0.0,0.0168863221772,-0.00461571007966,0.813417388992,-0.0165579029646,-0.0962551890368,0.0,500.0803205735331,498.16230316551446,501.783592314019,500.0699377727614
0.4200000000000001,0.00270203841442,-0.000702194184294,10.1742450137,6.28045555713,6.26485953105,0.0,0.025763014504,-0.00618707961499,0.840329088225,0.00721857881219,-0.099394557257,0.0,414.35196095392035,414.0670488903482,412.2861610294886,414.3813548718536
0.48000000000000015,0.00466465752481,-0.00113018364871,10.2284582308,6.28045981249,6.25890777922,0.0,0.0402866002942,-0.00804888328899,0.966666402281,-0.0207387232907,-0.0988017188435,0.0,446.00251388792054,446.04249445723707,447.03575594116523,444.7521345280528
0.5400000000000001,0.00768558287319,-0.00168354168538,10.2925899685,6.27899572069,6.25303227031,0.0,0.0610990242693,-0.0105533182806,1.17085208497,-0.0329735475534,-0.0962285202248,0.0,469.56390632643075,469.7557957115276,470.47223912018273,469.5240375513913
0.6000000000000002,0.011958253551,-0.00240536445516,10.3646172588,6.27676028766,6.24748657536,0.0,0.0818634031022,-0.0137075149625,1.22997630373,-0.0476064973558,-0.0857481744644,0.0,424.7579823015828,425.64803353584244,425.9014327614421,424.6474093106151
0.6600000000000003,0.0176533153688,-0.00337695621545,10.4421995045,6.27385284732,6.24395777664,0.0,0.108398522379,-0.0189827289945,1.35593770657,-0.0502151403711,-0.0304472441185,0.0,444.5451492096339,449.0496693149168,446.7749267263508,446.5607771548098
0.7200000000000003,0.0249457802182,-0.00471306958123,10.5258226423,6.27056521653,6.24168709642,0.0,0.134873893522,-0.0258612075349,1.43139596716,-0.0660316906819,-0.0598276787007,0.0,431.643222546607,429.1558852474408,432.4174677777758,431.08094965091374
0.7800000000000004,0.0339770053841,-0.0065620402553,10.616306601,6.26652417164,6.23816294583,0.0,0.166548457443,-0.0362076404462,1.58451084976,-0.0701272600323,-0.0566378769337,0.0,455.26702156709024,455.51982699096334,456.1444758172611,455.8140441356532
0.8400000000000004,0.045051659661,-0.00914714653765,10.7174027587,6.26265738505,6.23470445819,0.0,0.202992971016,-0.050426684465,1.78503911396,-0.0549973174589,-0.0597273057212,0.0,470.00710983337495,469.7655286773764,470.37577826016246,471.5430385721981
0.9000000000000005,0.0583218330471,-0.0126402133178,10.8290266292,6.26028322743,6.23080908074,0.0,0.239739186569,-0.0663021828572,1.93548272915,-0.0193246457421,-0.0781305387856,0.0,457.39603206886716,455.92503588003893,454.0031372589805,456.8550779711474
0.9600000000000005,0.0737451391158,-0.0170694653757,10.9470077614,6.25874495678,6.22640580757,0.0,0.274800375317,-0.0814619999639,1.99708424461,-0.0428892816531,-0.0652829517721,0.0,429.00378307710156,430.088763483074,428.75986362349454,426.7530078365255
1.0200000000000005,0.0914329262843,-0.0224769163025,11.0700272164,6.25616609984,6.22235566937,0.0,0.315189144229,-0.0990461128631,2.10333736122,-0.0431648632969,-0.0723554309177,0.0,443.21221771640404,442.6271355472617,443.5693587194662,443.5457034658323
1.0800000000000005,0.111947886618,-0.0291350386055,11.2045750028,6.25358616977,6.21826570796,0.0,0.369146507227,-0.123207031367,2.38099926221,-0.0426689206304,-0.0608871338118,0.0,492.61631095821105,493.4605170405002,496.3652356255664,496.40081814743087
1.1400000000000006,0.135317140275,-0.0370872091162,11.3483797028,6.25100220224,6.21478993457,0.0,0.410148006172,-0.142098874392,2.41238713106,-0.04387236748,-0.0525904060623,0.0,420.82578090524134,421.5407683524832,420.56432623632935,420.4589375709133
1.2000000000000006,0.161308389822,-0.0462683373068,11.4955052422,6.24827385557,6.21199277687,0.0,0.45650359155,-0.164197405782,2.49158798938,-0.0488805659472,-0.0367670482939,0.0,435.4178733803157,436.7381946128506,437.4387186762735,437.02023352564646
1.2600000000000007,0.190123605223,-0.0568265667117,11.6472482931,6.24510408097,6.21009014131,0.0,0.50418705883,-0.188035527344,2.56631167465,-0.0622033173299,-0.0231456479038,0.0,435.5152616047633,436.6526360138871,435.8177813943931,434.70087168007615
1.3200000000000007,0.222022412587,-0.0689793954331,11.806029248,6.24200918159,6.20848705904,0.0,0.559237798062,-0.2174158783,2.7259773137,-0.0360464868807,-0.0350407759785,0.0,463.4203091607464,462.484225890698,461.1090765679079,463.1689522898153
1.3800000000000008,0.257220056362,-0.082931121907,11.9738261661,6.24212134603,6.20634608807,0.0,0.614213663402,-0.247692047088,2.86687329164,0.0352908516091,-0.0369986487428,0.0,458.10921566114445,457.95298841148576,454.5067847732222,460.1884232382205
1.4400000000000008,0.295776405298,-0.0986915310951,12.1502537699,6.24436429173,6.20376730226,0.0,0.671218331342,-0.277402079921,3.01364242759,0.0412670150364,-0.0589549229816,0.0,462.15188301562495,460.4169623815816,459.0062365948495,459.4808660108556
1.5000000000000009,0.337195325546,-0.115888060881,12.3277782669,6.24686375972,6.19996321021,0.0,0.709687616076,-0.295650744645,2.90410231753,0.0424279152343,-0.074235612053,0.0,375.8756143349113,374.38787666023984,375.4179487802493,375.5318560990639
1.560000000000001,0.382077181697,-0.134611381991,12.5117759995,6.24966935481,6.19606063926,0.0,0.786851140752,-0.328065736694,3.22823138226,0.0542556777852,-0.0511182979524,0.0,510.6685702856173,512.3121950376603,511.499452517439,512.3420423144805
1.620000000000001,0.431050891112,-0.154960478656,12.7079696132,6.25343478093,6.19295077362,0.0,0.845881964176,-0.349877949358,3.31128188227,0.0758628196149,-0.053295657379,0.0,443.1223246930627,442.9415498274992,441.6520011596997,443.4333518108985
1.680000000000001,0.483466111609,-0.176487385956,12.9073682094,6.25773379696,6.18976999837,0.0,0.901564076575,-0.367282590636,3.33523511048,0.0615148187329,-0.0524535722408,0.0,423.3716901273314,423.4421462400843,425.7533112263926,424.52803979501385
1.740000000000001,0.539681840195,-0.199088261956,13.1124759125,6.26188465063,6.18637916197,0.0,0.972597250296,-0.385627892321,3.50114200677,0.081258036793,-0.0662072678666,0.0,469.9635029666518,468.8941563440355,467.93644314917634,469.47414395262854
1.8000000000000012,0.600384005645,-0.222722329969,13.3290279107,6.26694573547,6.18230546557,0.0,1.05120631444,-0.401570856678,3.7165112368,0.089910532033,-0.0715021245574,0.0,484.7920841493177,484.3909993852839,484.5474162907455,485.20261678296777
1.8600000000000012,0.665989536639,-0.24720229514,13.5593693909,6.27264305721,6.17782163678,0.0,1.13608527168,-0.413733079361,3.96063655929,0.103499478643,-0.0821232310807,0.0,493.96702626474513,493.1793210666689,494.84787061889045,495.8537831456436
1.9200000000000013,0.736636335606,-0.272252555571,13.802809722,6.27856727077,6.17277643723,0.0,1.21929489367,-0.42056874877,4.15326138725,0.0869332872675,-0.0883320636789,0.0,480.956025379334,480.4802999589952,482.75275833848036,481.5084717039282
1.9800000000000013,0.811669472223,-0.297554514776,14.0513264466,0.00135616539319,6.16756433278,0.0,1.28224298277,-0.422358600591,4.13063417923,0.117195950123,-0.0840927949738,0.0,415.25216894845636,415.61709695837106,414.39300448356425,417.05383301136834
2.0400000000000014,0.890643394721,-0.322856206686,14.2991505755,0.00889900506925,6.16256877394,0.0,1.35063976462,-0.420398239802,4.13008796751,0.13883375649,-0.0816434135181,0.0,422.038993038881,422.2443182327057,422.8892733704702,424.76410108841355
2.1000000000000014,0.974201544575,-0.347870896393,14.5501764163,0.0169836646705,6.1580147006,0.0,1.43504608286,-0.412588575997,4.23693804294,0.12497513282,-0.0663674472095,0.0,456.7699621414896,457.9822202899941,458.22878759840955,457.14174616629396
2.1600000000000015,1.06305099316,-0.372232246835,14.8087072448,0.0244305757033,6.15492926688,0.0,1.52687848957,-0.398662872965,4.38010718731,0.122339157267,-0.0316120214454,0.0,467.75148849457116,470.4486399666749,470.1944212896919,470.0032052869245
2.2200000000000015,1.15695489829,-0.395698108321,15.0718624743,0.0315542834498,6.15279507433,0.0,1.60339397525,-0.382894566618,4.39161905189,0.110308702813,-0.0449706406462,0.0,429.43298531689555,428.29755185262,430.9033035291993,429.89808181529054
2.2800000000000016,1.25599635066,-0.417964630485,15.3395841558,0.0387283227867,6.15065330367,0.0,1.69813794973,-0.358597348521,4.531779759,0.13356328197,-0.0216737600357,0.0,469.6543536713483,471.4573875230684,469.05585387440834,470.8702178485896
2.3400000000000016,1.36053518965,-0.438678130562,15.6140328328,0.0476704958657,6.14930077222,0.0,1.7865400232,-0.331016738813,4.61607878891,0.169306777392,-0.0243380166586,0.0,455.07185081438854,454.8584951156496,452.65537471526807,455.5423742211323
2.4000000000000017,1.47038754189,-0.457554934404,15.8934382391,0.0577770577165,6.14759372306,0.0,1.87527705938,-0.29722910394,4.69699209584,0.166658580792,-0.0382991918917,0.0,454.1578763233049,453.03632761380464,455.2902231310531,455.10469795963667
2.4600000000000017,1.58508994036,-0.474422705757,16.1740005618,0.0673521543289,6.14523377762,0.0,1.94831058729,-0.264227595447,4.65515226521,0.139160625833,-0.0414827949413,0.0,415.4436998678392,415.1635225748149,416.7668904121934,414.38166866653575
2.520000000000002,1.70453257468,-0.488998109329,16.4543721888,0.0755737776591,6.1428460667,0.0,2.03327276227,-0.220868842549,4.69028778003,0.132382108607,-0.0366180231891,0.0,440.18693417908173,440.5885523305053,441.44103988395756,440.8987692694338
2.580000000000002,1.82928682173,-0.500723358193,16.7380848068,0.0833544539205,6.14075831111,0.0,2.12532026494,-0.169228336317,4.76632981247,0.123638714204,-0.0313810357724,0.0,454.7416336870879,455.16051144626147,454.0733103421388,453.386248237198
2.640000000000002,1.9597227349,-0.509121922275,17.027224858,0.0906890309197,6.13963800595,0.0,2.22257227049,-0.110008961431,4.87107053894,0.119297224403,-0.000964684917064,0.0,462.3340947641011,464.72464217975426,465.0000439395599,464.67257142400405
2.700000000000002,2.09575293361,-0.513973375085,17.3209191404,0.0977560163401,6.13960115717,0.0,2.31168364894,-0.0510563827335,4.91841245194,0.11457174775,7.79339628963e-05,0.0,447.1356113409818,447.2205686314193,448.0478022084506,447.67572199013335
2.760000000000002,2.2376431662,-0.514794496358,17.6210492993,0.104320253188,6.14027227919,0.0,2.41777311578,0.0243643128108,5.08504000048,0.0962953635881,0.0272485516756,0.0,483.7591076529864,485.80091379493757,485.08752999475894,483.72231054379336
2.820000000000002,2.3851587966,-0.51146242713,17.9262663779,0.110458033183,6.14174836424,0.0,2.49920650451,0.0872303657107,5.08875847734,0.11218551579,0.018698689794,0.0,437.0898268134281,436.3766830070553,434.64363738278445,435.9827381594036
2.880000000000002,2.53761529044,-0.504172652215,18.2323420701,0.116769050186,6.14314555659,0.0,2.58247424211,0.15634869108,5.11354219427,0.0850657185257,0.0311660369953,0.0,442.57492406798985,443.60010209624363,444.2142460419983,441.993748602559
2.940000000000002,2.69544688285,-0.492272556446,18.5428635662,0.121510995141,6.1445534928,0.0,2.67823981458,0.240778117119,5.23649242227,0.0628687081072,-5.79451761304e-05,0.0,476.2079636129456,473.8131926791104,473.9243357676273,472.2193327595496
3.000000000000002,2.85831733497,-0.475794139562,18.8559799632,0.126039251805,6.14506865769,0.0,2.75070347923,0.308868690059,5.20077933621,0.0930654634543,0.0218682221101,0.0,424.42303507009444,426.30101976239695,423.756218881947,426.349028104293
3.0600000000000023,3.02594517652,-0.454752048897,19.1700516577,0.131269840388,6.14612785717,0.0,2.8366513359,0.393020790238,5.26783073046,0.0715507429596,0.00750484491168,0.0,457.9725687157385,456.8284252913233,459.98550852553916,458.2841491318723
3.1200000000000023,3.19808919439,-0.429143059411,19.4837536979,0.135638028555,6.14656094483,0.0,2.90142610035,0.460986842876,5.18916884835,0.0751958401905,0.00663842292531,0.0,411.92444733324663,411.8476985320557,410.78980139102765,411.1175430571334
3.1800000000000024,3.37467712304,-0.398814084482,19.7968988063,0.14067144843,6.14782573401,0.0,2.98462812134,0.550396751155,5.24858053055,0.0972256433947,0.0404399744452,0.0,455.104132914126,457.80209793594895,455.2668463732434,457.0317622487341
3.2400000000000024,3.55626260474,-0.362963375587,20.113971673,0.146837696683,6.14990695815,0.0,3.0678599059,0.645162643883,5.32003845788,0.11202733887,0.0195461252816,0.0,461.4920271078114,459.8400181739693,460.5723047533386,461.7503292888167
3.3000000000000025,3.74301854762,-0.32104621985,20.4370152904,0.15426362744,6.15160194048,0.0,3.15700769943,0.752729705067,5.44726367745,0.14047790167,0.0416012361189,0.0,477.4181682397831,479.09842487098894,478.47465753062863,480.64828902585185
3.3600000000000025,3.93502119408,-0.27256118956,20.7673357639,0.162834175356,6.15418782188,0.0,3.24264063371,0.864224746524,5.56263775433,0.147190813917,0.0459343132262,0.0,476.31258508806275,476.6447940758452,477.277570602829,477.8071605909033
3.4200000000000026,4.13144238238,-0.218020540738,21.0996221753,0.172407195714,6.15720861729,0.0,3.30443585104,0.954573424003,5.5136569984,0.176892079485,0.0579626398709,0.0,425.8836277658337,426.91311522401855,425.3346208658345,427.89582337851033
3.4800000000000026,4.33196992994,-0.157254637808,21.4326030442,0.183154046963,6.16060505011,0.0,3.37932795534,1.07192705834,5.58510247023,0.183218545746,0.0537495890526,0.0,464.33264534932005,464.00398751254875,465.87499142083186,466.3987760400317
3.5400000000000027,4.536801529,-0.0893885224034,21.7690032487,0.19436441033,6.16379117457,0.0,3.44796003391,1.19126011772,5.62775174598,0.193234596261,0.0517750510396,0.0,457.1131527271514,456.95750749146345,457.4773465491038,458.30698802344864
3.6000000000000028,4.74585253893,-0.0138527516447,22.1094060989,0.206140132126,6.166566247,0.0,3.51994375472,1.32765875722,5.71820427396,0.201709096329,0.0319235062524,0.0,473.8200003257846,472.2921497850379,473.2271195094819,473.9140616457301
3.660000000000003,4.95892856143,0.0697143269308,22.4533191721,0.219026509517,6.16899875674,0.0,3.58226979711,1.45899685479,5.74505095691,0.232805304907,0.0537901856861,0.0,454.5490007429851,456.29912771118603,453.83266556925565,456.365447558854
3.720000000000003,5.17544844508,0.160963970597,22.7968358816,0.232877845331,6.17207454254,0.0,3.63471876872,1.58380743713,5.70534468515,0.226648347039,0.0456600567401,0.0,434.04488102189885,433.36361162052043,436.0157903959641,435.55515032569554
3.780000000000003,5.39485453854,0.259523513132,23.136230194,0.246581286831,6.17452561453,0.0,3.67858172305,1.70258953396,5.60793502926,0.23165960331,0.0288939440743,0.0,416.61044264636575,415.14249043903163,414.7445355252803,415.24038111463926
3.840000000000003,5.61714734104,0.366103566262,23.4724524209,0.260117437846,6.17644346271,0.0,3.73092398479,1.85121483652,5.59902278241,0.209380224543,0.0374879645347,0.0,444.7137928567261,445.4176983123205,446.1815338660039,444.4083993139299
3.900000000000003,5.84251039043,0.481785279411,23.8079129036,0.272543044686,6.17900739981,0.0,3.78087263652,2.00585891459,5.58259394833,0.202084898973,0.0515665596417,0.0,443.3570370489687,444.5134838239134,443.704232412779,443.1470139582659
3.960000000000003,6.07091166626,0.607231271294,24.1433108163,0.284700196394,6.18167784921,0.0,3.83211537506,2.17665919784,5.59673860549,0.203665173423,0.0241142817882,0.0,456.07578801279305,453.8783984401531,454.0205670925644,454.1866615991419
4.020000000000002,6.3022683818,0.742979017656,24.4789435464,0.296681673458,6.18367866709,0.0,3.87951980811,2.34922012397,5.59047554413,0.190261347117,0.0473213454935,0.0,448.41468267892486,450.296769553459,449.7001073686297,448.65124319930743
4.080000000000001,6.53668079071,0.890074186618,24.8167090595,0.308270548578,6.18623453199,0.0,3.93379442463,2.55484165129,5.66732320868,0.198365046687,0.030908779991,0.0,477.60564795273217,476.35279638610467,476.5202217323538,477.1729312816493
4.14,6.77404360384,1.04897370362,25.1566440631,0.320078329199,6.18801090199,0.0,3.97803399919,2.74270478679,5.6632113187,0.193464206909,0.026865133627,0.0,452.9309400324459,452.6057876241008,454.2539142918084,453.8975923532488
4.199999999999998,7.01377040003,1.21852943436,25.4938262803,0.331581494452,6.18943687617,0.0,4.01268834959,2.91001776569,5.57605057591,0.187985634398,0.0167098155557,0.0,426.9792060017869,426.11180782071017,427.25516680743965,426.8251348782125
4.259999999999997,7.25591197868,1.39957494654,25.8294372977,0.342628768791,6.19011959116,0.0,4.05849456055,3.12560473494,5.61002773862,0.175000715553,-0.00229325358709,0.0,467.96506064573236,466.4830653882222,468.52244730886224,467.54243455297467
4.319999999999996,7.50047707041,1.59264723711,26.1639469222,0.353261818247,6.19006757245,0.0,4.09362976651,3.31087345252,5.53995934998,0.181312766249,0.00184321758565,0.0,435.75615737488505,436.1019149445814,434.2024003170823,434.7627675318089
4.379999999999995,7.74793131777,1.7999358598,26.502136022,0.364114094528,6.1897217634,0.0,4.15463864493,3.59932526016,5.73091766324,0.179974707642,-0.028805197337,0.0,519.1253535517528,516.9699431409272,518.7908944843581,518.7234078720913
4.439999999999993,7.99798521315,2.02070082656,26.841071836,0.375231681533,6.18834317086,0.0,4.18060383267,3.76028425696,5.56711266768,0.194223274679,-0.0133190065916,0.0,406.25932489019704,407.6458067954596,406.54539515338774,407.8569418314092
4.499999999999992,8.25005347064,2.25297974883,27.1744895217,0.386802437891,6.18749336624,0.0,4.22165674047,3.98305077205,5.54596730317,0.189943247786,-0.0159080241707,0.0,457.7309462061645,457.52492797284464,456.38523891847495,456.0786044953092
4.559999999999991,8.50460770444,2.49886127652,27.5067061105,0.397933232295,6.18646018234,0.0,4.26348076138,4.21363897464,5.52702171093,0.174743753475,-0.0199812508981,0.0,459.97297561262735,459.6502943151573,459.8999809933615,458.7261846340817
4.6199999999999894,8.76185921786,2.7594507651,27.8393832088,0.408455511525,6.18572822221,0.0,4.31152828147,4.47315569573,5.56093781818,0.176596053669,2.78668547076e-05,0.0,478.5080512269595,480.0293208533533,478.25596590396736,478.42427452543444
4.679999999999988,9.02224980913,3.03682597472,28.1764092886,0.419192457768,6.1862319967,0.0,4.36792113783,4.77305126821,5.6714031335,0.183276641679,0.0213462728363,0.0,504.74830894963446,506.28475839576754,505.17340656513255,505.6816402546747
4.739999999999987,9.28537291147,3.32977192205,28.5141123451,0.430204264162,6.18774982892,0.0,4.40265248409,4.99243063071,5.58488045285,0.184031511567,0.0322139233633,0.0,444.2408798025794,445.13148976332366,445.87163085035075,445.9658191281891
4.799999999999986,9.55018871218,3.63447818555,28.8432166363,0.441642328145,6.18947569881,0.0,4.42441469842,5.16520880309,5.38556460638,0.201328465179,0.0207768423785,0.0,405.6556833112535,404.6273135931866,404.43136788501533,406.0256704096013
4.859999999999984,9.81659601267,3.95111989548,29.1633859338,0.453766023729,6.19026081848,0.0,4.45566568649,5.3901581402,5.28621013625,0.203486577952,-0.0103951967744,0.0,442.881890636525,440.3097115660105,441.40530055915445,441.6237277679984
4.919999999999983,10.0849563762,4.28185324216,29.4784341155,0.465871341543,6.189674506,0.0,4.48964808806,5.63483314694,5.21455616892,0.198052863679,-0.00855348638141,0.0,452.2353502237627,452.38384258854603,453.24647222460897,452.8484714895525
4.979999999999982,10.3552164925,4.62674056306,29.7877617712,0.47750338463,6.18945096937,0.0,4.51899300355,5.86196404976,5.09585943275,0.183824955052,0.00450877202348,0.0,437.2617937403379,438.3490242125264,438.6247901212477,437.4783252800969
5.0399999999999805,10.6270621887,4.98455622041,30.0883188198,0.488634493539,6.19017240086,0.0,4.54246477897,6.06580368506,4.92263345531,0.188702218415,0.0239154438101,0.0,417.73656624929095,419.42591200935294,418.86603929166944,419.3257461667327
